10
10980
11296
12019
12143
12184
12262
12300
12572
12589
12798
13451
13742
13905
14070
14170
14462
14868
14965
15940
16205
16579
16729
16866
17030
17625
17923
19933
20391
20490
2064
20645
20850
21004
21734
22158
2249
23391
23665
24386
24473
24578
24615
24980
25356
25555
25907
26035
26370
26606
27034
27409
27705
27822
28081
29087
29605
29770
31089
31329
31812
32013
32146
32162
32818
32945
330
33580
3394
33949
34528
34914
350
35107
35208
35347
35628
3598
36343
37076
3785
3826
38409
38471
38484
38953
39341
39366
39385
39728
39875
40718
40732
4087
40994
41726
42289
42512
42735
42757
42776
43120
43300
43610
44652
44656
45030
45202
45269
45536
4556
45889
45911
46006
4609
46175
46312
48113
48291
48419
49080
49583
50126
50245
50362
50396
50487
50607
50989
51069
51087
51177
51300
51668
5175
52298
52639
5270
52864
53118
53208
53527
53763
54019
54268
54545
54880
55005
55112
55232
55585
55806
56002
56181
569
56994
5772
58142
58486
58894
58975
59531
6011
60154
60705
61326
6164
62249
62358
62754
62893
63197
63262
63397
63456
63757
6406
64116
64216
64239
6454
6488
64881
65177
65242
6580
7004
7013
751
7649
8175
8214
868
8715
9178
9299
9590
9967
